6 0.60400390625 0.5 0.0615234375 0.09375
7 0.9384765625 0.54150390625 0.080078125 0.0849609375
7 0.2900390625 0.490234375 0.076171875 0.05859375
10 0.6025390625 0.478515625 0.0859375 0.029296875
1 0.4111328125 0.46435546875 0.07421875 0.0439453125
7 0.18212890625 0.4609375 0.0693359375 0.056640625
4 0.3125 0.42822265625 0.05859375 0.0576171875
6 0.9384765625 0.4873046875 0.05078125 0.072265625
3 0.20751953125 0.6494140625 0.1845703125 0.142578125
8 0.85986328125 0.5126953125 0.0712890625 0.068359375
