6 0.58251953125 0.501953125 0.0615234375 0.095703125
7 0.92919921875 0.525390625 0.0751953125 0.078125
7 0.21533203125 0.50830078125 0.0849609375 0.0634765625
10 0.5234375 0.49072265625 0.08984375 0.0263671875
1 0.31787109375 0.4833984375 0.0810546875 0.044921875
7 0.05908203125 0.486328125 0.0830078125 0.0625
4 0.17919921875 0.453125 0.0634765625 0.0625
6 0.8642578125 0.48388671875 0.0390625 0.0673828125
3 0.31787109375 0.66015625 0.2275390625 0.158203125
8 0.8212890625 0.50634765625 0.0625 0.0634765625
