9 0.38818359375 0.447265625 0.0712890625 0.037109375
2 0.03369140625 0.53515625 0.0830078125 0.0546875
0 0.13671875 0.5478515625 0.08984375 0.09375
8 0.59814453125 0.51611328125 0.0810546875 0.0673828125
10 0.37890625 0.52392578125 0.0546875 0.0341796875
10 0.36181640625 0.46630859375 0.0771484375 0.0302734375
10 0.95263671875 0.47998046875 0.0361328125 0.0810546875
1 0.72412109375 0.501953125 0.0966796875 0.0625
3 0.1806640625 0.53857421875 0.06640625 0.0478515625
5 0.02392578125 0.578125 0.1181640625 0.068359375
0 0.791015625 0.48681640625 0.08203125 0.0771484375
