0 0.72705078125 0.4443359375 0.0517578125 0.025390625
10 0.5380859375 0.46923828125 0.056640625 0.0263671875
6 0.32373046875 0.46142578125 0.0576171875 0.0849609375
9 0.67822265625 0.5185546875 0.1123046875 0.0625
4 0.8369140625 0.47998046875 0.06640625 0.0615234375
2 0.02392578125 0.48388671875 0.0400390625 0.0791015625
0 0.1474609375 0.6171875 0.080078125 0.111328125
5 0.36767578125 0.5126953125 0.0830078125 0.048828125
10 0.10595703125 0.7724609375 0.1826171875 0.1015625
1 0.14208984375 0.48876953125 0.0673828125 0.0966796875
3 0.0703125 0.4794921875 0.078125 0.04296875
