2 0.8203125 0.50537109375 0.083984375 0.0341796875
4 0.35986328125 0.45849609375 0.0771484375 0.0361328125
6 0.2919921875 0.67236328125 0.09765625 0.1767578125
9 0.83984375 0.49560546875 0.087890625 0.0439453125
3 0.27197265625 0.51953125 0.1005859375 0.0625
7 0.66552734375 0.4755859375 0.0712890625 0.060546875
1 0.783203125 0.50341796875 0.083984375 0.0556640625
4 0.552734375 0.5 0.095703125 0.048828125
7 0.20849609375 0.47021484375 0.0791015625 0.0673828125
2 0.28076171875 0.470703125 0.0537109375 0.044921875
1 0.931640625 0.4814453125 0.08203125 0.109375
