2 0.9423828125 0.357421875 0.06640625 0.0625
1 0.05078125 0.4697265625 0.10546875 0.13671875
3 0.142578125 0.384765625 0.068359375 0.0859375
0 0.6865234375 0.4443359375 0.078125 0.087890625
10 0.8486328125 0.517578125 0.111328125 0.056640625
6 0.61279296875 0.8076171875 0.2236328125 0.189453125
4 0.59521484375 0.37060546875 0.0751953125 0.0439453125
8 0.4912109375 0.3349609375 0.076171875 0.0625
5 0.443359375 0.373046875 0.083984375 0.05859375
9 0.35107421875 0.44970703125 0.0927734375 0.0927734375
