6 0.15966796875 0.6123046875 0.1259765625 0.068359375
0 0.447265625 0.66015625 0.162109375 0.099609375
7 0.47705078125 0.46826171875 0.0615234375 0.0439453125
0 0.1767578125 0.53466796875 0.115234375 0.1162109375
8 0.18505859375 0.56689453125 0.1064453125 0.0927734375
10 0.60205078125 0.45654296875 0.0576171875 0.0263671875
3 0.67626953125 0.56396484375 0.1396484375 0.0869140625
0 0.4599609375 0.712890625 0.17578125 0.224609375
3 0.52734375 0.46728515625 0.07421875 0.0478515625
6 0.93310546875 0.50341796875 0.1103515625 0.0673828125
1 0.75244140625 0.478515625 0.0498046875 0.068359375
