2 0.24169921875 0.470703125 0.0634765625 0.041015625
7 0.33642578125 0.4912109375 0.0576171875 0.056640625
1 0.833984375 0.44482421875 0.06640625 0.0439453125
0 0.9619140625 0.58984375 0.103515625 0.10546875
3 0.66845703125 0.44873046875 0.0556640625 0.0283203125
9 0.369140625 0.474609375 0.0703125 0.046875
9 0.556640625 0.759765625 0.19921875 0.208984375
3 0.9453125 0.4521484375 0.064453125 0.03125
5 0.66357421875 0.451171875 0.0478515625 0.0234375
7 0.04443359375 0.4736328125 0.0693359375 0.060546875
