1 0.35791015625 0.70751953125 0.1279296875 0.2001953125
10 0.7255859375 0.51025390625 0.056640625 0.0244140625
6 0.40283203125 0.47216796875 0.0634765625 0.0498046875
9 0.2939453125 0.45361328125 0.060546875 0.0537109375
3 0.5185546875 0.5673828125 0.134765625 0.083984375
5 0.4033203125 0.49951171875 0.072265625 0.0283203125
1 0.4853515625 0.50390625 0.09765625 0.060546875
6 0.81884765625 0.5673828125 0.0712890625 0.064453125
9 0.60546875 0.47265625 0.05859375 0.02734375
10 0.87353515625 0.67529296875 0.2236328125 0.1064453125
7 0.55029296875 0.51953125 0.0712890625 0.0625
