6 0.58740234375 0.5146484375 0.0517578125 0.076171875
7 0.8671875 0.5390625 0.064453125 0.064453125
7 0.314453125 0.5146484375 0.064453125 0.046875
10 0.58447265625 0.51513671875 0.0751953125 0.0224609375
1 0.41552734375 0.50439453125 0.0654296875 0.0361328125
7 0.21337890625 0.4990234375 0.0595703125 0.046875
4 0.32275390625 0.48193359375 0.0517578125 0.0498046875
6 0.875 0.5146484375 0.04296875 0.056640625
3 0.28369140625 0.5791015625 0.1435546875 0.095703125
9 0.94970703125 0.716796875 0.1611328125 0.306640625
8 0.8046875 0.52734375 0.05859375 0.052734375
