0 0.7041015625 0.435546875 0.05078125 0.025390625
10 0.5205078125 0.462890625 0.05859375 0.02734375
6 0.30810546875 0.45849609375 0.0595703125 0.0869140625
9 0.6728515625 0.51318359375 0.11328125 0.0634765625
4 0.82275390625 0.47265625 0.0654296875 0.060546875
2 0.00048828125 0.48486328125 0.0439453125 0.0810546875
0 0.15966796875 0.62744140625 0.0869140625 0.1142578125
5 0.35888671875 0.51123046875 0.0830078125 0.0498046875
10 0.14599609375 0.794921875 0.1845703125 0.111328125
1 0.126953125 0.48974609375 0.072265625 0.1005859375
3 0.0439453125 0.478515625 0.08203125 0.044921875
