2 0.83837890625 0.50927734375 0.0693359375 0.0419921875
6 0.55517578125 0.43994140625 0.0576171875 0.0517578125
10 0.51416015625 0.4521484375 0.0751953125 0.02734375
3 0.6767578125 0.45068359375 0.0546875 0.0361328125
1 0.03759765625 0.46533203125 0.1044921875 0.0595703125
3 0.0341796875 0.56689453125 0.09765625 0.0751953125
4 0.53759765625 0.47265625 0.0595703125 0.06640625
8 0.18994140625 0.52099609375 0.1025390625 0.0810546875
6 0.7001953125 0.6005859375 0.154296875 0.080078125
10 0.69970703125 0.4736328125 0.0537109375 0.037109375
