1 0.66845703125 0.47216796875 0.0439453125 0.0615234375
4 0.78076171875 0.4755859375 0.0849609375 0.080078125
8 0.57861328125 0.48046875 0.0556640625 0.048828125
0 0.76171875 0.521484375 0.109375 0.052734375
5 0.173828125 0.6328125 0.087890625 0.0703125
3 0.14990234375 0.53466796875 0.0615234375 0.0517578125
4 0.18603515625 0.54443359375 0.0693359375 0.1064453125
4 0.86376953125 0.48193359375 0.1064453125 0.0458984375
10 0.314453125 0.46142578125 0.03515625 0.1005859375
9 0.20263671875 0.54150390625 0.0576171875 0.0869140625
