2 0.79931640625 0.64892578125 0.1416015625 0.0771484375
6 0.03662109375 0.48486328125 0.0576171875 0.0810546875
9 0.8837890625 0.65869140625 0.18359375 0.1103515625
3 0.59716796875 0.49853515625 0.0986328125 0.0537109375
7 0.93701171875 0.57421875 0.1298828125 0.109375
1 0.71728515625 0.61181640625 0.1533203125 0.1044921875
4 0.7587890625 0.55224609375 0.12890625 0.0673828125
7 0.85107421875 0.478515625 0.0869140625 0.0703125
2 0.92724609375 0.4970703125 0.0654296875 0.052734375
1 0.66650390625 0.61962890625 0.1611328125 0.2275390625
7 0.1611328125 0.46044921875 0.060546875 0.0517578125
