5 0.44091796875 0.84228515625 0.2412109375 0.2216796875
7 0.37646484375 0.43603515625 0.0615234375 0.0439453125
0 0.857421875 0.5654296875 0.12109375 0.111328125
2 0.9345703125 0.47900390625 0.072265625 0.0439453125
4 0.31982421875 0.4794921875 0.0712890625 0.06640625
0 0.78662109375 0.45849609375 0.0830078125 0.0732421875
9 0.47509765625 0.49462890625 0.0751953125 0.0712890625
7 0.37353515625 0.4453125 0.0576171875 0.046875
8 0.626953125 0.59033203125 0.130859375 0.1123046875
5 0.86669921875 0.537109375 0.0791015625 0.041015625
6 0.70947265625 0.6328125 0.1181640625 0.0703125
