1 0.595703125 0.4287109375 0.046875 0.06640625
4 0.72021484375 0.43359375 0.0908203125 0.0859375
8 0.50390625 0.43994140625 0.060546875 0.0537109375
0 0.73779296875 0.494140625 0.1142578125 0.060546875
5 0.22998046875 0.70556640625 0.1396484375 0.1064453125
3 0.080078125 0.541015625 0.0859375 0.068359375
4 0.166015625 0.56884765625 0.103515625 0.1337890625
4 0.78564453125 0.43310546875 0.1025390625 0.0498046875
10 0.22314453125 0.43115234375 0.0458984375 0.1142578125
9 0.17431640625 0.55908203125 0.0849609375 0.1083984375
