4 0.2392578125 0.43505859375 0.056640625 0.0615234375
6 0.5185546875 0.68408203125 0.16015625 0.1416015625
5 0.91552734375 0.8408203125 0.2919921875 0.212890625
7 0.322265625 0.50048828125 0.10546875 0.0927734375
8 0.47607421875 0.40576171875 0.0400390625 0.0341796875
2 0.66162109375 0.42529296875 0.0517578125 0.0244140625
8 0.68017578125 0.4423828125 0.0576171875 0.046875
7 0.90576171875 0.47314453125 0.0947265625 0.0771484375
2 0.74853515625 0.6142578125 0.0771484375 0.08984375
9 0.45068359375 0.40771484375 0.0439453125 0.0400390625
