1 0.51123046875 0.43798828125 0.0478515625 0.0283203125
1 0.65625 0.70654296875 0.1328125 0.1982421875
2 0.69189453125 0.50341796875 0.0771484375 0.1162109375
5 0.7265625 0.52001953125 0.099609375 0.0634765625
8 0.3056640625 0.56689453125 0.109375 0.1064453125
9 0.38427734375 0.44970703125 0.0634765625 0.0576171875
0 0.5458984375 0.470703125 0.07421875 0.037109375
9 0.5263671875 0.44091796875 0.048828125 0.0517578125
4 0.01904296875 0.4658203125 0.0849609375 0.041015625
6 0.43505859375 0.67724609375 0.1455078125 0.1240234375
