8 0.18310546875 0.5078125 0.0908203125 0.09765625
5 0.02587890625 0.392578125 0.0537109375 0.087890625
1 0.37353515625 0.40185546875 0.0830078125 0.1259765625
3 0.31396484375 0.35791015625 0.0673828125 0.1025390625
8 0.41015625 0.544921875 0.14453125 0.142578125
2 0.28955078125 0.3330078125 0.0810546875 0.056640625
9 0.65478515625 0.32958984375 0.0810546875 0.0439453125
10 0.6474609375 0.37939453125 0.060546875 0.0361328125
1 0.7431640625 0.4189453125 0.099609375 0.072265625
10 0.638671875 0.375 0.09375 0.046875
