9 0.14111328125 0.41259765625 0.0576171875 0.0673828125
10 0.27099609375 0.451171875 0.0576171875 0.15625
7 0.9169921875 0.45751953125 0.109375 0.0771484375
8 0.6298828125 0.52490234375 0.134765625 0.1064453125
10 0.80078125 0.51513671875 0.080078125 0.1826171875
9 0.37353515625 0.4326171875 0.0927734375 0.04296875
6 0.35986328125 0.43310546875 0.0537109375 0.0908203125
3 0.92431640625 0.6279296875 0.1708984375 0.150390625
4 0.1474609375 0.46826171875 0.078125 0.0966796875
5 0.52490234375 0.45361328125 0.0615234375 0.0380859375
8 0.35107421875 0.408203125 0.0634765625 0.044921875
