5 0.318359375 0.44482421875 0.0703125 0.1337890625
2 0.55615234375 0.318359375 0.0498046875 0.044921875
7 0.46484375 0.37109375 0.091796875 0.078125
3 0.63232421875 0.96435546875 0.2763671875 0.3623046875
9 0.970703125 0.435546875 0.083984375 0.10546875
0 0.79150390625 0.35400390625 0.0966796875 0.0869140625
5 0.8359375 0.56005859375 0.1328125 0.1005859375
5 0.46484375 0.287109375 0.029296875 0.0625
8 0.59326171875 0.349609375 0.0849609375 0.072265625
4 0.8740234375 0.47900390625 0.13671875 0.0888671875
2 0.8662109375 0.3642578125 0.126953125 0.0859375
