2 0.876953125 0.517578125 0.09765625 0.03515625
4 0.3779296875 0.47998046875 0.080078125 0.0361328125
6 0.15283203125 0.64990234375 0.1162109375 0.2236328125
9 0.89990234375 0.50830078125 0.1025390625 0.0458984375
3 0.25146484375 0.5244140625 0.1064453125 0.064453125
7 0.701171875 0.4892578125 0.080078125 0.064453125
1 0.8330078125 0.51318359375 0.09765625 0.0595703125
4 0.5712890625 0.51123046875 0.107421875 0.0498046875
7 0.20703125 0.484375 0.08203125 0.068359375
2 0.28662109375 0.48779296875 0.0537109375 0.0458984375
