4 0.12255859375 0.6416015625 0.1630859375 0.220703125
3 0.853515625 0.6875 0.21484375 0.134765625
2 0.5068359375 0.48681640625 0.064453125 0.0439453125
8 0.62353515625 0.4970703125 0.0693359375 0.048828125
0 0.62109375 0.470703125 0.046875 0.041015625
1 0.19921875 0.5751953125 0.138671875 0.099609375
8 0.88427734375 0.47802734375 0.0751953125 0.0595703125
9 0.9541015625 0.50537109375 0.076171875 0.0322265625
0 0.10107421875 0.5263671875 0.0751953125 0.083984375
10 0.9033203125 0.4873046875 0.078125 0.025390625
5 0.2666015625 0.5244140625 0.099609375 0.052734375
