8 0.75732421875 0.53662109375 0.0869140625 0.0673828125
3 0.26806640625 0.498046875 0.0654296875 0.041015625
6 0.21826171875 0.49365234375 0.0576171875 0.0185546875
4 0.80322265625 0.50439453125 0.0576171875 0.0673828125
3 0.419921875 0.49560546875 0.060546875 0.0302734375
10 0.7333984375 0.515625 0.0546875 0.033203125
4 0.31396484375 0.51953125 0.0712890625 0.076171875
2 0.31396484375 0.654296875 0.2197265625 0.173828125
3 0.47216796875 0.5126953125 0.0791015625 0.048828125
1 0.57373046875 0.5927734375 0.1259765625 0.076171875
1 0.8330078125 0.55029296875 0.126953125 0.0712890625
