9 0.24609375 0.5849609375 0.083984375 0.1015625
8 0.30517578125 0.619140625 0.1025390625 0.1015625
3 0.0673828125 0.5048828125 0.078125 0.11328125
1 0.50341796875 0.9638671875 0.2783203125 0.291015625
4 0.3486328125 0.52587890625 0.087890625 0.0458984375
6 0.2353515625 0.484375 0.0546875 0.08203125
8 0.7216796875 0.45458984375 0.060546875 0.0478515625
1 0.505859375 0.53466796875 0.0859375 0.1201171875
6 0.72802734375 0.45361328125 0.0458984375 0.0712890625
3 0.212890625 0.4580078125 0.056640625 0.076171875
6 0.2109375 0.474609375 0.056640625 0.052734375
