4 0.81494140625 0.71533203125 0.1435546875 0.1181640625
2 0.548828125 0.54931640625 0.083984375 0.0927734375
9 0.70947265625 0.58447265625 0.0927734375 0.1435546875
3 0.98828125 0.70166015625 0.09375 0.1064453125
2 0.498046875 0.4404296875 0.044921875 0.04296875
9 0.19091796875 0.509765625 0.0673828125 0.06640625
7 0.302734375 0.412109375 0.056640625 0.041015625
5 0.306640625 0.44873046875 0.076171875 0.0263671875
8 0.02685546875 0.59765625 0.1064453125 0.09375
8 0.59521484375 0.47412109375 0.0712890625 0.0595703125
