2 0.83984375 0.52001953125 0.072265625 0.0380859375
2 0.29443359375 0.89208984375 0.1318359375 0.2431640625
6 0.5927734375 0.4521484375 0.05859375 0.048828125
10 0.5537109375 0.46337890625 0.0703125 0.0263671875
3 0.7099609375 0.46435546875 0.056640625 0.0341796875
1 0.11181640625 0.46533203125 0.0908203125 0.0517578125
3 0.07958984375 0.54638671875 0.0791015625 0.0634765625
4 0.55859375 0.48046875 0.05859375 0.060546875
8 0.224609375 0.513671875 0.08984375 0.0703125
6 0.65771484375 0.59130859375 0.1416015625 0.0712890625
10 0.7216796875 0.4853515625 0.056640625 0.03515625
