5 0.6611328125 0.51513671875 0.05859375 0.1162109375
7 0.45947265625 0.59375 0.1611328125 0.130859375
3 0.5380859375 0.48095703125 0.076171875 0.0478515625
9 0.07373046875 0.5078125 0.0966796875 0.080078125
3 0.90966796875 0.5 0.0595703125 0.041015625
0 0.3466796875 0.45703125 0.052734375 0.044921875
5 0.3212890625 0.51513671875 0.10546875 0.0322265625
8 0.1630859375 0.607421875 0.17578125 0.1484375
7 0.869140625 0.48828125 0.060546875 0.046875
4 0.20458984375 0.521484375 0.1044921875 0.052734375
