3 0.349609375 0.5498046875 0.111328125 0.080078125
0 0.60205078125 0.47216796875 0.0439453125 0.0634765625
0 0.8564453125 0.5146484375 0.072265625 0.06640625
0 0.4921875 0.7080078125 0.126953125 0.21875
10 0.49755859375 0.46875 0.0244140625 0.068359375
4 0.63330078125 0.4873046875 0.0615234375 0.056640625
8 0.26025390625 0.455078125 0.0537109375 0.044921875
9 0.29443359375 0.51708984375 0.0576171875 0.0751953125
1 0.767578125 0.578125 0.07421875 0.130859375
8 0.32177734375 0.47021484375 0.0732421875 0.0615234375
