6 0.60986328125 0.50341796875 0.0556640625 0.0849609375
7 0.8916015625 0.55859375 0.0859375 0.08203125
7 0.36669921875 0.4794921875 0.0634765625 0.05078125
10 0.66357421875 0.48046875 0.0771484375 0.03125
1 0.4951171875 0.4599609375 0.064453125 0.041015625
7 0.30029296875 0.44921875 0.0556640625 0.048828125
4 0.4345703125 0.42138671875 0.0546875 0.0517578125
6 0.9677734375 0.50537109375 0.0703125 0.0712890625
3 0.18359375 0.6064453125 0.125 0.109375
9 0.4111328125 0.98388671875 0.265625 0.3955078125
8 0.8544921875 0.52685546875 0.07421875 0.0654296875
