3 0.853515625 0.775390625 0.205078125 0.1796875
9 0.9931640625 0.43994140625 0.09765625 0.0810546875
1 0.611328125 0.45263671875 0.068359375 0.0458984375
0 0.7919921875 0.59912109375 0.130859375 0.1494140625
5 0.3017578125 0.7216796875 0.15234375 0.166015625
7 0.83203125 0.55322265625 0.125 0.1064453125
6 0.64892578125 0.42041015625 0.0732421875 0.0341796875
2 0.01171875 0.4619140625 0.076171875 0.033203125
6 0.58349609375 0.49609375 0.1083984375 0.056640625
7 0.322265625 0.42529296875 0.0546875 0.0478515625
