5 0.86181640625 0.51123046875 0.0849609375 0.1474609375
7 0.1279296875 0.51611328125 0.115234375 0.1025390625
0 0.25830078125 0.45947265625 0.0927734375 0.0947265625
7 0.84033203125 0.634765625 0.2119140625 0.189453125
3 0.37353515625 0.4580078125 0.0888671875 0.0546875
5 0.30322265625 0.44921875 0.0908203125 0.044921875
2 0.767578125 0.5341796875 0.109375 0.083984375
0 0.11767578125 0.47314453125 0.0517578125 0.0693359375
2 0.13037109375 0.47607421875 0.0869140625 0.0322265625
7 0.0947265625 0.50537109375 0.087890625 0.0771484375
