10 0.65576171875 0.47021484375 0.0927734375 0.0693359375
1 0.63232421875 0.47412109375 0.0693359375 0.0439453125
4 0.16796875 0.5107421875 0.078125 0.078125
4 0.82275390625 0.73193359375 0.2177734375 0.2255859375
10 0.4775390625 0.470703125 0.072265625 0.052734375
1 0.0478515625 0.49072265625 0.0703125 0.0517578125
1 0.47509765625 0.45263671875 0.0693359375 0.0439453125
6 0.84814453125 0.697265625 0.1787109375 0.138671875
5 0.57421875 0.5966796875 0.154296875 0.154296875
1 0.49951171875 0.4736328125 0.0595703125 0.0390625
1 0.748046875 0.591796875 0.1328125 0.09375
