0 0.52734375 0.4619140625 0.068359375 0.046875
3 0.103515625 0.494140625 0.052734375 0.0390625
7 0.0546875 0.50537109375 0.048828125 0.0263671875
8 0.0771484375 0.58837890625 0.130859375 0.1455078125
10 0.0869140625 0.48388671875 0.08203125 0.0576171875
1 0.2568359375 0.75048828125 0.208984375 0.1943359375
9 0.46435546875 0.4697265625 0.0595703125 0.080078125
6 0.16748046875 0.8779296875 0.3427734375 0.408203125
2 0.63623046875 0.57080078125 0.1708984375 0.1376953125
7 0.6005859375 0.55712890625 0.150390625 0.0673828125
9 0.09619140625 0.5400390625 0.0927734375 0.123046875
