0 0.74169921875 0.66259765625 0.1318359375 0.1162109375
2 0.998046875 0.6904296875 0.201171875 0.1875
8 0.5966796875 0.431640625 0.0546875 0.0546875
6 0.0869140625 0.71484375 0.095703125 0.115234375
0 0.0556640625 0.53369140625 0.0625 0.0673828125
10 0.50048828125 0.5009765625 0.0888671875 0.076171875
10 0.9384765625 0.47265625 0.091796875 0.072265625
4 0.16943359375 0.51708984375 0.0966796875 0.1103515625
9 0.5859375 0.44677734375 0.06640625 0.0966796875
10 0.16455078125 0.470703125 0.0673828125 0.0546875
1 0.482421875 0.4580078125 0.078125 0.060546875
