2 0.048828125 0.607421875 0.169921875 0.126953125
6 0.4296875 0.48828125 0.072265625 0.046875
0 0.2412109375 0.52099609375 0.078125 0.0537109375
1 0.71142578125 0.5478515625 0.1474609375 0.09375
5 0.6669921875 0.482421875 0.068359375 0.05859375
2 0.20361328125 0.5078125 0.0810546875 0.056640625
1 0.11767578125 0.51220703125 0.1181640625 0.0751953125
1 0.59765625 0.50390625 0.087890625 0.0546875
4 0.4169921875 0.49609375 0.072265625 0.0625
1 0.67529296875 0.5244140625 0.1474609375 0.091796875
5 0.50244140625 0.48681640625 0.1005859375 0.0869140625
3 0.5146484375 0.47607421875 0.083984375 0.0419921875
