3 0.08740234375 0.478515625 0.0927734375 0.0546875
7 0.57763671875 0.5 0.0830078125 0.05859375
7 0.48486328125 0.89208984375 0.2919921875 0.3271484375
6 0.68798828125 0.4912109375 0.0654296875 0.07421875
9 0.32568359375 0.4931640625 0.1064453125 0.150390625
0 0.4814453125 0.47412109375 0.0703125 0.0654296875
6 0.845703125 0.513671875 0.052734375 0.0703125
3 0.22998046875 0.48291015625 0.0966796875 0.0634765625
2 0.03759765625 0.49169921875 0.1376953125 0.0966796875
6 0.00146484375 0.818359375 0.4111328125 0.375
