8 0.82958984375 0.69677734375 0.1630859375 0.1728515625
9 0.697265625 0.49560546875 0.05859375 0.0830078125
5 0.63525390625 0.43212890625 0.0556640625 0.0537109375
3 0.80859375 0.4755859375 0.087890625 0.05078125
6 0.26953125 0.4765625 0.0703125 0.064453125
4 0.578125 0.9873046875 0.208984375 0.2890625
0 0.97021484375 0.48486328125 0.0712890625 0.0458984375
3 0.61279296875 0.64111328125 0.1396484375 0.1103515625
3 0.53125 0.46044921875 0.05859375 0.0400390625
9 0.30078125 0.56689453125 0.064453125 0.0927734375
10 0.36474609375 0.49609375 0.0751953125 0.060546875
