5 0.06640625 0.48388671875 0.115234375 0.0966796875
8 0.77734375 0.49951171875 0.095703125 0.0830078125
7 0.3681640625 0.8447265625 0.455078125 0.255859375
0 0.0908203125 0.494140625 0.14453125 0.0859375
6 0.84130859375 0.4716796875 0.0693359375 0.044921875
5 0.64599609375 0.666015625 0.2333984375 0.228515625
10 0.1650390625 0.47998046875 0.115234375 0.0927734375
6 0.330078125 0.44970703125 0.109375 0.0654296875
10 0.572265625 0.4423828125 0.07421875 0.05078125
7 0.140625 0.54052734375 0.248046875 0.0869140625
2 0.55810546875 0.50439453125 0.1396484375 0.1025390625
