4 0.89208984375 0.55126953125 0.1474609375 0.1318359375
6 0.80078125 0.52197265625 0.09765625 0.0654296875
5 0.06103515625 0.66064453125 0.1787109375 0.2041015625
0 0.25927734375 0.83740234375 0.2783203125 0.2998046875
2 0.62353515625 0.4462890625 0.0615234375 0.044921875
9 0.19921875 0.6103515625 0.12890625 0.177734375
9 0.55517578125 0.43994140625 0.0556640625 0.0751953125
7 0.59912109375 0.6298828125 0.2138671875 0.111328125
6 0.61865234375 0.44482421875 0.0751953125 0.0498046875
5 0.169921875 0.4716796875 0.072265625 0.0703125
