4 0.208984375 0.52734375 0.080078125 0.10546875
10 0.21044921875 0.5361328125 0.0986328125 0.0859375
0 0.63427734375 0.44287109375 0.0615234375 0.0498046875
1 0.51416015625 0.48681640625 0.0673828125 0.0537109375
6 0.5283203125 0.44384765625 0.0546875 0.0478515625
10 0.96875 0.59521484375 0.189453125 0.1474609375
10 0.08154296875 0.51953125 0.0810546875 0.0703125
5 0.50732421875 0.49169921875 0.0634765625 0.0712890625
6 0.32666015625 0.52099609375 0.0869140625 0.0947265625
3 0.60986328125 0.7412109375 0.2119140625 0.2109375
8 0.22412109375 0.46630859375 0.0595703125 0.0751953125
