7 0.9052734375 0.52099609375 0.109375 0.0537109375
7 0.2490234375 0.4443359375 0.06640625 0.04296875
10 0.88916015625 0.66455078125 0.1865234375 0.1728515625
4 0.82470703125 0.53369140625 0.1162109375 0.1123046875
4 0.35400390625 0.4091796875 0.0615234375 0.064453125
7 0.109375 0.744140625 0.130859375 0.138671875
3 0.75439453125 0.83154296875 0.1806640625 0.1630859375
8 0.62939453125 0.51513671875 0.1123046875 0.1181640625
1 0.53271484375 0.4228515625 0.0751953125 0.056640625
1 0.86376953125 0.45849609375 0.0947265625 0.0634765625
9 0.2685546875 0.4697265625 0.083984375 0.115234375
6 0.63671875 0.9521484375 0.25 0.291015625
