0 0.54638671875 0.73388671875 0.1787109375 0.2705078125
2 0.986328125 0.7607421875 0.193359375 0.2265625
2 0.18505859375 0.33251953125 0.0615234375 0.0439453125
6 0.21923828125 0.52392578125 0.1005859375 0.0947265625
8 0.64501953125 0.4296875 0.0732421875 0.10546875
4 0.384765625 0.36376953125 0.0625 0.0693359375
6 0.25732421875 0.3740234375 0.0595703125 0.05078125
1 0.1875 0.39111328125 0.10546875 0.0771484375
1 0.91259765625 0.390625 0.0537109375 0.064453125
3 0.5576171875 0.44482421875 0.080078125 0.0908203125
