4 0.97412109375 0.43017578125 0.0693359375 0.0595703125
10 0.73583984375 0.41845703125 0.0830078125 0.0693359375
7 0.81689453125 0.48828125 0.1298828125 0.052734375
10 0.13134765625 0.5263671875 0.1064453125 0.08203125
5 0.904296875 0.4599609375 0.09375 0.08203125
5 0.17529296875 0.4833984375 0.0771484375 0.072265625
2 0.08935546875 0.43310546875 0.0732421875 0.0517578125
1 0.095703125 0.71533203125 0.16015625 0.1318359375
7 0.3125 0.38916015625 0.060546875 0.0244140625
6 0.525390625 0.462890625 0.109375 0.076171875
