8 0.185546875 0.43798828125 0.080078125 0.0830078125
0 0.18408203125 0.55419921875 0.1357421875 0.1318359375
0 0.0673828125 0.568359375 0.150390625 0.15625
6 0.2294921875 0.43896484375 0.068359375 0.0576171875
10 0.8310546875 0.4375 0.06640625 0.046875
6 0.86669921875 0.45556640625 0.0791015625 0.0498046875
5 0.923828125 0.46337890625 0.076171875 0.0615234375
3 0.451171875 0.45068359375 0.080078125 0.0517578125
3 0.443359375 0.42041015625 0.0625 0.0380859375
6 0.359375 0.44189453125 0.08203125 0.0654296875
