0 0.72119140625 0.4052734375 0.0654296875 0.052734375
9 0.62255859375 0.40283203125 0.0517578125 0.0751953125
6 0.576171875 0.4501953125 0.07421875 0.0703125
1 0.7734375 0.494140625 0.095703125 0.07421875
7 0.19287109375 0.46728515625 0.0556640625 0.0517578125
6 0.42529296875 0.45947265625 0.0556640625 0.0595703125
8 0.82958984375 0.7607421875 0.1962890625 0.228515625
6 0.90869140625 0.70166015625 0.2275390625 0.2080078125
2 0.0791015625 0.47705078125 0.1015625 0.0908203125
2 0.99755859375 0.5400390625 0.1376953125 0.109375
