2 0.8564453125 0.42431640625 0.09375 0.0654296875
0 0.54931640625 0.49072265625 0.0908203125 0.0556640625
7 0.029296875 0.60009765625 0.23828125 0.0791015625
4 0.5166015625 0.43017578125 0.0625 0.0556640625
1 0.24609375 0.48193359375 0.09765625 0.0634765625
10 0.77587890625 0.43017578125 0.0732421875 0.0537109375
9 0.17919921875 0.41943359375 0.0419921875 0.0693359375
9 0.5322265625 0.423828125 0.0546875 0.0859375
10 0.30859375 0.44384765625 0.068359375 0.0693359375
4 0.83349609375 0.46142578125 0.0810546875 0.0634765625
7 0.55859375 0.78955078125 0.2578125 0.1083984375
