5 0.5693359375 0.42626953125 0.078125 0.0830078125
10 0.81591796875 0.416015625 0.0673828125 0.05078125
7 0.42822265625 0.4716796875 0.0751953125 0.048828125
8 0.259765625 0.45166015625 0.060546875 0.0712890625
8 0.1123046875 0.49951171875 0.095703125 0.1220703125
5 0.20751953125 0.59033203125 0.1064453125 0.1396484375
4 0.64892578125 0.5859375 0.1435546875 0.1640625
4 0.53515625 0.43798828125 0.08203125 0.0888671875
5 0.70751953125 0.5341796875 0.0947265625 0.099609375
5 0.275390625 0.81201171875 0.189453125 0.2783203125
