6 0.4931640625 0.4521484375 0.078125 0.052734375
2 0.73388671875 0.466796875 0.0888671875 0.064453125
6 0.17041015625 0.537109375 0.1044921875 0.0703125
6 0.4013671875 0.48681640625 0.07421875 0.0517578125
5 0.63525390625 0.462890625 0.0537109375 0.048828125
5 0.380859375 0.48876953125 0.06640625 0.0615234375
5 0.30419921875 0.48193359375 0.0869140625 0.0791015625
0 0.4619140625 0.50732421875 0.07421875 0.0517578125
4 0.7197265625 0.490234375 0.076171875 0.072265625
0 0.47900390625 0.5673828125 0.0908203125 0.068359375
4 0.57568359375 0.5361328125 0.0810546875 0.078125
10 0.38671875 0.57958984375 0.140625 0.1240234375
