1 0.69921875 0.4384765625 0.091796875 0.060546875
10 0.9140625 0.431640625 0.083984375 0.07421875
3 0.56787109375 0.55224609375 0.1220703125 0.0732421875
5 0.298828125 0.3994140625 0.064453125 0.056640625
4 0.408203125 0.4248046875 0.076171875 0.068359375
10 0.21337890625 0.45166015625 0.0693359375 0.0517578125
2 0.9765625 0.4609375 0.0859375 0.078125
10 0.75048828125 0.66943359375 0.1376953125 0.1435546875
7 0.33984375 0.509765625 0.078125 0.03515625
4 0.06201171875 0.45263671875 0.0595703125 0.0517578125
5 0.4287109375 0.4931640625 0.09375 0.087890625
