6 0.38037109375 0.65283203125 0.1865234375 0.1650390625
6 0.2138671875 0.59423828125 0.130859375 0.1181640625
6 0.18310546875 0.54931640625 0.1025390625 0.0888671875
10 0.66357421875 0.4755859375 0.0517578125 0.03515625
1 0.833984375 0.4814453125 0.072265625 0.041015625
4 0.51806640625 0.560546875 0.1220703125 0.1171875
10 0.13330078125 0.53125 0.1103515625 0.080078125
0 0.7255859375 0.57275390625 0.1796875 0.1259765625
1 0.4619140625 0.5390625 0.091796875 0.0625
6 0.8115234375 0.48876953125 0.06640625 0.0400390625
2 0.18603515625 0.49755859375 0.0869140625 0.0615234375
6 0.41064453125 0.5078125 0.0927734375 0.068359375
