4 0.7958984375 0.44970703125 0.08203125 0.0693359375
7 0.6015625 0.4697265625 0.05859375 0.0234375
6 0.2666015625 0.46044921875 0.0546875 0.0400390625
10 0.47802734375 0.46337890625 0.0537109375 0.0400390625
3 0.626953125 0.560546875 0.12109375 0.07421875
9 0.84716796875 0.9267578125 0.2626953125 0.458984375
9 0.89697265625 0.4619140625 0.0556640625 0.078125
8 0.19921875 0.466796875 0.056640625 0.052734375
8 0.0615234375 0.8408203125 0.19921875 0.244140625
5 0.3447265625 0.6669921875 0.193359375 0.20703125
