0 0.70068359375 0.44091796875 0.0263671875 0.0478515625
4 0.6748046875 0.46826171875 0.03515625 0.0673828125
6 0.34814453125 0.44775390625 0.0419921875 0.0498046875
7 0.26123046875 0.53955078125 0.0595703125 0.0498046875
10 0.92822265625 0.4912109375 0.0927734375 0.07421875
3 0.07373046875 0.63525390625 0.1005859375 0.0947265625
5 0.1083984375 0.42822265625 0.05859375 0.0595703125
2 0.51806640625 0.6591796875 0.1142578125 0.125
5 0.66259765625 0.85791015625 0.1669921875 0.3798828125
2 0.46630859375 0.59765625 0.1298828125 0.130859375
