2 0.08837890625 0.5732421875 0.1923828125 0.140625
10 0.32763671875 0.44140625 0.0634765625 0.048828125
8 0.21484375 0.51806640625 0.1328125 0.1083984375
2 0.322265625 0.45654296875 0.064453125 0.0498046875
1 0.0458984375 0.4921875 0.095703125 0.052734375
7 0.58203125 0.46630859375 0.109375 0.0361328125
2 0.04345703125 0.5322265625 0.1162109375 0.080078125
6 0.93017578125 0.4580078125 0.0927734375 0.052734375
6 0.82421875 0.498046875 0.099609375 0.060546875
3 0.25048828125 0.51220703125 0.1220703125 0.0556640625
