1 0.0986328125 0.56884765625 0.083984375 0.0751953125
8 0.9541015625 0.55517578125 0.111328125 0.0966796875
9 0.83642578125 0.466796875 0.0439453125 0.05859375
2 0.74462890625 0.470703125 0.0537109375 0.037109375
8 0.24853515625 0.70654296875 0.1474609375 0.1884765625
6 0.34765625 0.513671875 0.078125 0.06640625
9 0.0693359375 0.52001953125 0.07421875 0.1025390625
1 0.09619140625 0.51171875 0.0517578125 0.04296875
9 0.15869140625 0.49072265625 0.0439453125 0.0595703125
8 0.4736328125 0.5458984375 0.09765625 0.1015625
