4 0.0224609375 0.60498046875 0.087890625 0.1162109375
4 0.75244140625 0.5615234375 0.1005859375 0.099609375
6 0.736328125 0.5341796875 0.0703125 0.052734375
5 0.162109375 0.60888671875 0.095703125 0.1201171875
0 0.22998046875 0.697265625 0.1220703125 0.142578125
2 0.67333984375 0.45751953125 0.0537109375 0.0400390625
9 0.2529296875 0.58251953125 0.078125 0.1123046875
9 0.60791015625 0.45263671875 0.0458984375 0.0634765625
7 0.509765625 0.607421875 0.123046875 0.078125
6 0.66845703125 0.45654296875 0.0615234375 0.0439453125
5 0.29150390625 0.4736328125 0.0517578125 0.056640625
