1 0.73779296875 0.47802734375 0.0830078125 0.0556640625
10 0.9375 0.48046875 0.087890625 0.068359375
3 0.53076171875 0.55224609375 0.0888671875 0.0615234375
5 0.43359375 0.43505859375 0.05078125 0.0478515625
4 0.49853515625 0.45703125 0.0615234375 0.05859375
10 0.3349609375 0.470703125 0.0546875 0.041015625
2 0.962890625 0.50537109375 0.08984375 0.0712890625
10 0.5693359375 0.62841796875 0.115234375 0.1044921875
7 0.39794921875 0.5166015625 0.0556640625 0.029296875
4 0.2236328125 0.46630859375 0.041015625 0.0419921875
5 0.46044921875 0.50537109375 0.0712890625 0.0712890625
