2 0.12646484375 0.51123046875 0.1162109375 0.1083984375
10 0.7099609375 0.42822265625 0.0703125 0.0537109375
8 0.3056640625 0.48876953125 0.076171875 0.1025390625
2 0.64208984375 0.4453125 0.0673828125 0.0546875
1 0.39208984375 0.43896484375 0.0537109375 0.0498046875
7 0.80908203125 0.509765625 0.1142578125 0.06640625
2 0.26123046875 0.47265625 0.0732421875 0.064453125
6 0.79345703125 0.619140625 0.1201171875 0.11328125
4 0.23193359375 0.44140625 0.0615234375 0.083984375
3 0.4013671875 0.48876953125 0.0625 0.0654296875
