2 0.16162109375 0.51123046875 0.1064453125 0.1005859375
10 0.7021484375 0.43115234375 0.06640625 0.0517578125
8 0.32373046875 0.490234375 0.0693359375 0.095703125
2 0.63720703125 0.44775390625 0.0634765625 0.0517578125
1 0.40380859375 0.4404296875 0.0498046875 0.046875
7 0.7861328125 0.51123046875 0.1015625 0.0615234375
2 0.28271484375 0.4736328125 0.0673828125 0.060546875
6 0.75634765625 0.61376953125 0.1025390625 0.1005859375
4 0.25439453125 0.44384765625 0.0576171875 0.0791015625
3 0.41162109375 0.48974609375 0.0576171875 0.0615234375
