6 0.4306640625 0.439453125 0.060546875 0.046875
0 0.060546875 0.5927734375 0.140625 0.103515625
4 0.16455078125 0.451171875 0.0732421875 0.064453125
6 0.09814453125 0.48828125 0.0810546875 0.0546875
0 0.47021484375 0.45947265625 0.0576171875 0.0458984375
10 0.6201171875 0.52880859375 0.10546875 0.0869140625
4 0.47412109375 0.4599609375 0.0849609375 0.0859375
9 0.853515625 0.52734375 0.1015625 0.142578125
10 0.6865234375 0.4609375 0.0625 0.048828125
1 0.84423828125 0.52197265625 0.0908203125 0.0810546875
