4 0.27490234375 0.51806640625 0.0556640625 0.0869140625
10 0.27685546875 0.52685546875 0.0771484375 0.0673828125
0 0.861328125 0.49169921875 0.056640625 0.0517578125
1 0.640625 0.515625 0.05078125 0.05078125
6 0.74951171875 0.48828125 0.0439453125 0.046875
10 0.80029296875 0.607421875 0.1884765625 0.15234375
9 0.82568359375 0.60791015625 0.1767578125 0.2568359375
10 0.22607421875 0.51318359375 0.0654296875 0.0537109375
5 0.6064453125 0.51513671875 0.044921875 0.0673828125
6 0.38330078125 0.52294921875 0.0419921875 0.0810546875
3 0.16015625 0.66064453125 0.125 0.1689453125
8 0.4111328125 0.4873046875 0.03515625 0.064453125
