3 0.1328125 0.68505859375 0.146484375 0.1064453125
1 0.255859375 0.45751953125 0.087890625 0.0615234375
8 0.35888671875 0.45751953125 0.0908203125 0.0908203125
2 0.9462890625 0.62939453125 0.138671875 0.1279296875
7 0.38232421875 0.43408203125 0.0869140625 0.0419921875
6 0.06787109375 0.67724609375 0.1552734375 0.1259765625
9 0.40966796875 0.4541015625 0.0771484375 0.11328125
8 0.7802734375 0.43994140625 0.06640625 0.0712890625
7 0.1162109375 0.53076171875 0.1328125 0.0654296875
6 0.3583984375 0.58447265625 0.140625 0.1240234375
