4 0.48291015625 0.5078125 0.0849609375 0.087890625
0 0.6318359375 0.5234375 0.107421875 0.08203125
3 0.01220703125 0.51611328125 0.0419921875 0.0498046875
10 0.154296875 0.61474609375 0.134765625 0.1162109375
7 0.216796875 0.79248046875 0.142578125 0.1533203125
3 0.58984375 0.48828125 0.0546875 0.03515625
10 0.75 0.52001953125 0.103515625 0.0732421875
2 0.580078125 0.52001953125 0.072265625 0.0537109375
8 0.76513671875 0.47412109375 0.0595703125 0.0517578125
10 0.96337890625 0.49267578125 0.0751953125 0.0498046875
9 0.3984375 0.703125 0.224609375 0.34765625
