7 0.83447265625 0.3916015625 0.0732421875 0.041015625
6 0.87060546875 0.375 0.0595703125 0.046875
3 0.9423828125 0.78515625 0.169921875 0.166015625
8 0.1201171875 0.5341796875 0.08203125 0.1484375
2 0.8935546875 0.47314453125 0.111328125 0.0869140625
6 0.9404296875 0.8173828125 0.189453125 0.203125
9 0.20947265625 0.5029296875 0.0986328125 0.162109375
8 0.3251953125 0.39501953125 0.052734375 0.0771484375
7 0.1875 0.7490234375 0.0859375 0.171875
6 0.685546875 0.6171875 0.140625 0.1640625
9 0.79296875 0.3828125 0.0546875 0.072265625
