5 0.03271484375 0.45751953125 0.1376953125 0.1220703125
10 0.03173828125 0.38623046875 0.0751953125 0.0615234375
7 0.12548828125 0.548828125 0.1591796875 0.087890625
1 0.70751953125 0.3330078125 0.0615234375 0.046875
8 0.376953125 0.6875 0.21484375 0.2421875
5 0.7529296875 0.5634765625 0.130859375 0.150390625
4 0.3330078125 0.2998046875 0.0625 0.056640625
4 0.68701171875 0.4248046875 0.1064453125 0.115234375
4 0.095703125 0.4697265625 0.140625 0.12890625
5 0.51953125 0.42041015625 0.078125 0.0830078125
