1 0.61279296875 0.56103515625 0.0673828125 0.0751953125
6 0.9833984375 0.52392578125 0.037109375 0.0517578125
0 0.71484375 0.49560546875 0.033203125 0.0498046875
1 0.4267578125 0.9833984375 0.26953125 0.380859375
3 0.9208984375 0.5009765625 0.021484375 0.033203125
5 0.31982421875 0.490234375 0.0458984375 0.05078125
2 0.10107421875 0.72802734375 0.3037109375 0.2548828125
10 0.01806640625 0.533203125 0.1083984375 0.07421875
8 0.201171875 0.513671875 0.060546875 0.0625
1 0.4150390625 0.482421875 0.0390625 0.033203125
