2 0.3818359375 0.57373046875 0.171875 0.1591796875
10 0.07373046875 0.45654296875 0.0673828125 0.0576171875
6 0.87548828125 0.40673828125 0.0771484375 0.0537109375
8 0.31396484375 0.52001953125 0.1337890625 0.1240234375
2 0.12841796875 0.4697265625 0.0673828125 0.05859375
7 0.4091796875 0.453125 0.1015625 0.041015625
2 0.10693359375 0.56396484375 0.1083984375 0.1044921875
6 0.66455078125 0.42138671875 0.0654296875 0.0458984375
6 0.69140625 0.4521484375 0.07421875 0.052734375
3 0.2548828125 0.51953125 0.130859375 0.072265625
7 0.884765625 0.40576171875 0.072265625 0.0302734375
