10 0.265625 0.5029296875 0.080078125 0.0546875
9 0.98681640625 0.53076171875 0.0615234375 0.0810546875
9 0.4794921875 0.49462890625 0.046875 0.0615234375
6 0.78955078125 0.5380859375 0.0673828125 0.056640625
1 0.7177734375 0.556640625 0.0859375 0.060546875
7 0.6376953125 0.5244140625 0.05859375 0.025390625
6 0.7099609375 0.53173828125 0.052734375 0.0400390625
8 0.123046875 0.5341796875 0.109375 0.08984375
6 0.20556640625 0.54345703125 0.1435546875 0.0888671875
2 0.552734375 0.50927734375 0.0703125 0.0478515625
2 0.60107421875 0.56591796875 0.1279296875 0.0927734375
1 0.34619140625 0.56103515625 0.1318359375 0.0830078125
