4 0.3271484375 0.3994140625 0.076171875 0.0703125
2 0.30078125 0.36328125 0.072265625 0.056640625
2 0.23779296875 0.498046875 0.1220703125 0.103515625
3 0.6435546875 0.6923828125 0.23828125 0.154296875
4 0.24462890625 0.44189453125 0.1337890625 0.1240234375
4 0.9765625 0.4619140625 0.099609375 0.087890625
9 0.25634765625 0.56005859375 0.1748046875 0.2607421875
2 0.486328125 0.46533203125 0.115234375 0.1044921875
2 0.14208984375 0.3583984375 0.0927734375 0.06640625
10 0.60205078125 0.455078125 0.1318359375 0.12109375
9 0.39404296875 0.345703125 0.0576171875 0.0859375
