5 0.970703125 0.53759765625 0.109375 0.1103515625
7 0.77783203125 0.5283203125 0.0888671875 0.044921875
8 0.765625 0.48681640625 0.06640625 0.0634765625
7 0.55859375 0.4521484375 0.05859375 0.0234375
8 0.55126953125 0.46630859375 0.0849609375 0.0771484375
5 0.35107421875 0.484375 0.0810546875 0.07421875
4 0.29638671875 0.529296875 0.1240234375 0.115234375
4 0.876953125 0.52685546875 0.107421875 0.1064453125
5 0.47802734375 0.5595703125 0.0986328125 0.095703125
5 0.04052734375 0.49072265625 0.1064453125 0.0888671875
