6 0.029296875 0.431640625 0.095703125 0.103515625
2 0.357421875 0.37841796875 0.083984375 0.0830078125
6 0.2666015625 0.8046875 0.11328125 0.236328125
6 0.13671875 0.52978515625 0.083984375 0.1142578125
5 0.23876953125 0.39990234375 0.0498046875 0.0732421875
5 0.16064453125 0.5439453125 0.0888671875 0.126953125
5 0.05224609375 0.5791015625 0.1455078125 0.1875
0 0.33642578125 0.53173828125 0.0517578125 0.1044921875
4 0.48291015625 0.41259765625 0.0458984375 0.0966796875
0 0.7265625 0.609375 0.080078125 0.126953125
4 0.63818359375 0.52099609375 0.0693359375 0.1201171875
10 0.861328125 0.68115234375 0.23828125 0.2158203125
