7 0.38232421875 0.49267578125 0.0556640625 0.0439453125
6 0.486328125 0.990234375 0.1953125 0.3515625
7 0.82666015625 0.4541015625 0.0263671875 0.037109375
2 0.935546875 0.50927734375 0.06640625 0.0673828125
0 0.1005859375 0.9755859375 0.30078125 0.3671875
1 0.03271484375 0.5283203125 0.1357421875 0.1015625
3 0.48583984375 0.43017578125 0.0478515625 0.0498046875
10 0.248046875 0.4375 0.095703125 0.07421875
6 0.45361328125 0.44921875 0.0654296875 0.07421875
10 0.421875 0.4228515625 0.0625 0.052734375
