10 0.77001953125 0.4697265625 0.0849609375 0.0625
7 0.82470703125 0.513671875 0.1279296875 0.044921875
10 0.16015625 0.52587890625 0.09375 0.0673828125
5 0.91845703125 0.49072265625 0.0927734375 0.0771484375
5 0.21533203125 0.50390625 0.0673828125 0.0625
2 0.162109375 0.48095703125 0.064453125 0.0439453125
1 0.05615234375 0.6181640625 0.1318359375 0.1015625
7 0.18017578125 0.89208984375 0.2392578125 0.1865234375
7 0.38330078125 0.4619140625 0.0556640625 0.021484375
6 0.544921875 0.49365234375 0.1015625 0.0673828125
