10 0.27734375 0.64013671875 0.154296875 0.1396484375
3 0.59130859375 0.43115234375 0.0595703125 0.0361328125
0 0.34375 0.62548828125 0.109375 0.1005859375
8 0.9609375 0.56103515625 0.14453125 0.1318359375
8 0.5517578125 0.419921875 0.0546875 0.052734375
2 0.98974609375 0.48828125 0.1083984375 0.08984375
5 0.337890625 0.41259765625 0.0625 0.0595703125
1 0.392578125 0.4462890625 0.068359375 0.048828125
9 0.43798828125 0.76416015625 0.1337890625 0.2099609375
1 0.28955078125 0.419921875 0.0576171875 0.041015625
3 0.90380859375 0.84765625 0.2431640625 0.18359375
0 0.0634765625 0.671875 0.130859375 0.1328125
