9 0.9775390625 0.484375 0.0703125 0.095703125
9 0.1669921875 0.45947265625 0.0703125 0.0927734375
6 0.81298828125 0.5126953125 0.0556640625 0.08203125
1 0.9599609375 0.5673828125 0.10546875 0.1015625
7 0.44189453125 0.4921875 0.0439453125 0.041015625
6 0.63623046875 0.50439453125 0.0302734375 0.0595703125
8 0.06005859375 0.716796875 0.2705078125 0.314453125
6 0.361328125 0.7197265625 0.208984375 0.31640625
2 0.3154296875 0.47802734375 0.091796875 0.0712890625
1 0.82958984375 0.720703125 0.1884765625 0.25390625
