2 0.76611328125 0.90771484375 0.3173828125 0.3505859375
6 0.11279296875 0.44775390625 0.1220703125 0.0791015625
0 0.98779296875 0.40380859375 0.1513671875 0.0986328125
0 0.06787109375 0.57958984375 0.1669921875 0.1123046875
1 0.8720703125 0.48291015625 0.17578125 0.1181640625
5 0.41845703125 0.39208984375 0.0810546875 0.0771484375
1 0.45263671875 0.4375 0.1103515625 0.078125
4 0.208984375 0.46875 0.111328125 0.10546875
1 0.72216796875 0.45703125 0.1748046875 0.12109375
5 0.3310546875 0.43408203125 0.140625 0.1337890625
3 0.1357421875 0.404296875 0.1328125 0.068359375
