6 0.58837890625 0.46826171875 0.0810546875 0.0478515625
2 0.8193359375 0.48779296875 0.09375 0.0634765625
6 0.19677734375 0.5078125 0.0888671875 0.0546875
6 0.45947265625 0.48828125 0.0732421875 0.044921875
5 0.72216796875 0.482421875 0.0576171875 0.046875
5 0.4326171875 0.4873046875 0.0625 0.0546875
5 0.36279296875 0.4775390625 0.0791015625 0.068359375
0 0.49267578125 0.50390625 0.0732421875 0.044921875
4 0.765625 0.501953125 0.083984375 0.068359375
0 0.43310546875 0.5419921875 0.0888671875 0.056640625
4 0.55517578125 0.525390625 0.0810546875 0.0703125
10 0.31787109375 0.53857421875 0.1123046875 0.1005859375
