7 0.42822265625 0.466796875 0.0771484375 0.029296875
3 0.318359375 0.48388671875 0.080078125 0.0458984375
0 0.8251953125 0.4658203125 0.091796875 0.0546875
4 0.841796875 0.583984375 0.166015625 0.15234375
1 0.56005859375 0.5537109375 0.1279296875 0.0859375
7 0.69775390625 0.6064453125 0.1650390625 0.072265625
10 0.822265625 0.6337890625 0.2109375 0.189453125
0 0.27978515625 0.47021484375 0.0634765625 0.0439453125
3 0.5048828125 0.5166015625 0.09765625 0.0546875
6 0.16455078125 0.5322265625 0.0888671875 0.068359375
9 0.61962890625 0.55517578125 0.1123046875 0.1630859375
9 0.23046875 0.6025390625 0.18359375 0.248046875
