4 0.14404296875 0.46484375 0.0810546875 0.07421875
4 0.84765625 0.9130859375 0.189453125 0.310546875
4 0.29833984375 0.61328125 0.1259765625 0.138671875
7 0.90283203125 0.861328125 0.1279296875 0.177734375
6 0.580078125 0.6220703125 0.083984375 0.091796875
5 0.1201171875 0.484375 0.091796875 0.083984375
9 0.18310546875 0.48876953125 0.0654296875 0.0888671875
3 0.28076171875 0.4404296875 0.0751953125 0.048828125
7 0.17529296875 0.56298828125 0.1416015625 0.0771484375
1 0.2275390625 0.46337890625 0.06640625 0.0458984375
5 0.7646484375 0.45263671875 0.056640625 0.0673828125
