3 0.75 0.6875 0.12109375 0.16015625
9 0.1044921875 0.41552734375 0.068359375 0.0869140625
6 0.19677734375 0.42724609375 0.0732421875 0.0517578125
1 0.14208984375 0.6142578125 0.1513671875 0.119140625
9 0.70751953125 0.53369140625 0.0693359375 0.1044921875
6 0.87646484375 0.81494140625 0.1630859375 0.2783203125
3 0.05078125 0.474609375 0.109375 0.0625
1 0.90234375 0.53076171875 0.09375 0.1005859375
2 0.79052734375 0.71337890625 0.1806640625 0.1865234375
3 0.78125 0.45947265625 0.04296875 0.0439453125
10 0.79248046875 0.494140625 0.1044921875 0.08984375
