2 0.7119140625 0.443359375 0.087890625 0.060546875
0 0.5185546875 0.5048828125 0.091796875 0.05859375
7 0.11376953125 0.630859375 0.2744140625 0.111328125
4 0.41357421875 0.45703125 0.0673828125 0.056640625
1 0.201171875 0.50927734375 0.115234375 0.0732421875
10 0.64599609375 0.45068359375 0.0712890625 0.0498046875
9 0.0478515625 0.4560546875 0.048828125 0.078125
9 0.43701171875 0.44775390625 0.0615234375 0.0869140625
10 0.2216796875 0.4736328125 0.087890625 0.07421875
4 0.73779296875 0.47119140625 0.0732421875 0.0615234375
7 0.90380859375 0.74560546875 0.2412109375 0.1298828125
