2 0.28955078125 0.537109375 0.1005859375 0.08203125
4 0.283203125 0.5078125 0.1015625 0.11328125
3 0.3212890625 0.49609375 0.08984375 0.076171875
7 0.65234375 0.45556640625 0.037109375 0.0341796875
1 0.34912109375 0.43408203125 0.0595703125 0.0478515625
8 0.38427734375 0.4794921875 0.0693359375 0.08203125
9 0.1337890625 0.43798828125 0.05078125 0.0634765625
8 0.86865234375 0.45703125 0.0419921875 0.0703125
7 0.77587890625 0.60986328125 0.0654296875 0.0966796875
1 0.935546875 0.65625 0.111328125 0.1640625
