5 0.4814453125 0.42919921875 0.056640625 0.0537109375
0 0.82080078125 0.7734375 0.1904296875 0.162109375
5 0.5546875 0.46728515625 0.052734375 0.0498046875
10 0.32177734375 0.49609375 0.0791015625 0.0625
7 0.54443359375 0.54931640625 0.1083984375 0.0556640625
3 0.55224609375 0.6064453125 0.1162109375 0.08203125
9 0.970703125 0.50341796875 0.078125 0.1083984375
9 0.4169921875 0.408203125 0.041015625 0.0546875
7 0.7958984375 0.45947265625 0.060546875 0.0244140625
2 0.982421875 0.49658203125 0.087890625 0.0712890625
